Dato
276
290
295
327
345
362
358
354
353
387
386
430
436
440
435
430
420
439
412
404
390
396
392
400
388
383
382
365
376
370
351
336
324
318
311
294
296
323
322
331
346
353
357
356
351
343
345
347
335
335
327
333
330
328
327
317
322
313
309
316
320
310
293
293
300
297
298
297
298
292
287
292
283
286
291
302
295
313
310
315
315
331
328
326
359
363
366
390
388
385
372
374
376
384
376
381
359
376
366
373
370
375
369
347
332
311
307
308
295
290
309
305
324
325
320
314
303
285
284
271
268
265
268
272
282
308
312
316
314
313
330
332
341
347
342
344
337
336
330
341
340
342
345
337
339
344
342
352
346
345
361
362
365
370
378
392
425
435
448
438
433
430
420
414
416
427
419
442
441
440
424
421
403
403
393
370
361
365
346
333
328
310
300
300
296
298
290
291
297
293
277
294
291
297
299
292
315
310
310
307
300
305
295
297
299
308
309
308
311
297
291
281
266
253
250
240
240
251
257
255
249
247
235
236
232
230
228
234
236
238
232
252
291
308
326
345
352
352
380
375
393
392
377
375
380
370
375
394
386
377
366
396
398
419
405
410
405
415
407
402
412
399
395
412
405
400
400
416
410
428
442
465
443
440
456
444
448
461
460
457
458
442
455
454
457
450
448
442
430
423
415
424
416
411
405
399
397
378
379
365
367
359
350
346
342
338
329
337
338
342
355
362
358
370
389
443
441
446
422
452
443
436
424
426
419
421
403
398
384
367
389
370
357
330
322
305
300
309
306
315
308
299
308
321
345
348
341
353
354
346
338
331
318
328
347
347
345
338
320
324
320
317
320
321
315
313
316
304
297
301
300
307
312
305
311
296
294
290
277
295
289
320
328
331
332
325
349
355
359
358
376
405
419
447
424
426
433
420
433
435
414
